    0.9583   -0.0454    0.6304
    0.8040   -0.0910    0.7642
    0.7656   -0.0787    0.6757
    0.7705   -0.0745    0.7170
    0.7706   -0.0745    0.6822
    0.7715   -0.0672    0.6711
    0.7705   -0.0745    0.7131
    0.7714   -0.0672    0.7091
    0.7714   -0.0672    0.6841
    0.7705   -0.0745    0.6781
    0.7714   -0.0672    0.7346
    0.7705   -0.0745    0.7028
    0.7705   -0.0745    0.7450
    0.7705   -0.0745    0.6569
    0.7714   -0.0672    0.6784
    0.7705   -0.0745    0.6839
    0.7714   -0.0672    0.7025
    0.7705   -0.0745    0.6520
    0.7704   -0.0745    0.5760
    0.7713   -0.0672    0.7137
    0.7697   -0.0746    0.6570
    0.7712   -0.0672    0.6566
    0.7712   -0.0672    0.6838
    0.7703   -0.0745    0.6812
    0.8930   -0.0101    0.4952
    0.8776   -0.0535    0.5135
    0.9460   -0.0025    0.6553
    0.9690   -0.0387    0.8194
   -0.3838   -1.1195    0.8045
   -0.3235   -1.2821    0.7528
   -0.3546   -1.1211    0.7933
   -0.3702   -1.1186    0.7064
   -0.5382   -1.1897    0.7470
   -0.4062   -1.2800    0.7306
   -0.4393   -1.3094    0.7462
    0.0249   -1.1208    0.6374
   -1.9881   -1.4086    0.6377
   -0.6256   -1.2053    0.6183
    0.0398   -1.1261    0.7522
   -0.6775   -1.3926    0.7341
    0.0328   -1.1213    0.7834
    0.0368   -1.1174    0.7373
   -0.8203   -1.4247    0.7358
   -0.7473   -1.5145    0.7708
    0.0498   -1.1032    0.7532
    0.0505   -1.1002    0.7476
   -1.8882   -1.0201    0.6467
    0.0799   -1.1701    0.7009
   -0.0013   -1.0966    0.7152
    0.0691   -1.0983    0.7296
   -1.4811   -1.3013    0.6240
    0.0963   -1.1430    0.6756
    0.0377   -1.1832    0.6264
    0.0745   -1.0789    0.7041
    0.0863   -1.1260    0.7079
    0.0899   -1.1404    0.6837
    0.0744   -1.0785    0.6789
    0.0746   -1.0791    0.6694
    0.0864   -1.1262    0.7053
   -1.4838   -1.0156    0.6100
   -1.4933   -0.9775    0.6223
    0.0675   -1.1196    0.6489
    1.2757    0.1286    0.6984
    1.0604    0.2062    0.6104
    1.3575   -1.1625    0.6259
    1.7429   -1.3168    0.6628
    1.7330   -1.3353    0.6542
    1.1705   -1.2586    0.6692
    1.7145   -1.5280    0.6768
    1.2724   -1.3134    0.6493
    1.8147   -1.6329    0.6752
    1.2566   -1.3170    0.6267
    1.3650   -0.3124    0.6257
    1.5414   -0.1873    0.7476
    1.3555   -0.1316    0.6670
    1.3669   -0.1023    0.7271
    1.3816   -0.0926    0.6665
    1.4359   -0.0919    0.6862
    1.1755    0.2654    0.7255
    1.6986    0.4470    0.6576
    1.1523    0.2814    0.6688
    1.7920    0.4683    0.6542
    1.3383   -0.0834    0.6375
    1.0955    0.2674    0.6443
    1.0206    0.1650    0.6872
    1.2271    0.2868    0.6077
    1.2418    0.3164    0.6107
    1.3650   -1.3882    0.6248
    1.0718   -0.3308    0.6807
    1.2605   -1.4621    0.6384
   -0.0859   -1.1234    0.6878
    0.0498   -0.9754    0.7138
   -0.0920   -1.1345    0.7509
    0.9181   -0.2772    0.6718
   -0.0707   -1.1489    0.6875
    1.2543   -0.6844    0.6621
   -0.0935   -1.1175    0.6648
   -0.1424   -1.1005    0.7961
   -0.1534   -1.1292    0.6436
   -0.1843   -1.1947    0.6430
   -0.1990   -1.1684    0.7155
    0.0803   -1.4895    0.7360
   -0.2167   -1.1995    0.7392
   -0.2452   -1.2670    0.6039
   -0.6156   -1.3060    0.6422
    0.3056   -1.4461    0.6121
   -1.6326   -1.2700    0.6268
   -2.4968   -1.9817    0.6124
   -2.4733   -1.9731    0.6410
   -2.5592   -2.0490    0.6627
   -2.6353   -2.1085    0.6347
   -2.5166   -2.0338    0.6096
   -1.3917   -0.7286    0.6775
   -1.2497   -1.0001    0.6483
   -1.2328   -1.0399    0.6753
   -1.3349   -1.0984    0.7466
   -1.1981   -1.0740    0.6642
   -1.6516   -1.3364    0.6466
   -0.8941   -1.1456    0.6577
   -1.5768   -1.3625    0.7963
   -1.7285   -1.3953    0.7647
   -1.6359   -1.3388    0.6514
   -1.4681   -0.9462    0.6777
   -1.6385   -1.3573    0.6092
   -1.1892   -1.1387    0.8219
   -1.2348   -1.1878    0.6692
   -1.2736   -1.1058    0.7909
   -1.2876   -1.1055    0.6702
   -1.5182   -0.9154    0.6612
   -1.2856   -1.0999    0.6714
   -1.3006   -1.1076    0.6688
   -1.6831   -1.3885    0.6765
   -1.3431   -1.1053    0.6902
   -1.3255   -1.1069    0.6090
   -1.6654   -1.3575    0.6390
   -1.1601   -1.2426    0.7452
   -1.5348   -1.2510    0.6627
   -1.2924   -1.0425    0.6546
   -1.2710   -1.1540    0.6348
   -1.3305   -1.0881    0.6365
   -1.4617   -1.0391    0.6089
   -1.3947   -1.1133    0.6590
   -1.3308   -1.0877    0.6109
   -1.3593   -1.0874    0.6276
   -1.4984   -0.9983    0.6137
   -1.2642   -1.2249    0.6577
    1.2067    0.1146    0.0000
    1.2273    0.1301    0.0000
    1.2381    0.1341    0.0000
    1.2037    0.1076    0.6450
    1.2692    0.1288    0.6228
    1.2708    0.1210    0.6350
    1.2672    0.1284    0.6362
    1.2684    0.1287    0.6389
    1.2695    0.1248    0.6498
    1.2738    0.1043    0.0000
    1.2760    0.0954    0.5887
    1.3030    0.0820    0.0000
    1.2834    0.0822    0.6419
    1.2738    0.0955    0.6614
    1.2717    0.0829    0.5736
    1.2753    0.0660    0.5981
    1.2689    0.0661    0.0000
    1.2608    0.0823    0.5519
    1.2574    0.0796    0.6116
    1.2568    0.0807    0.7665
    1.2557    0.0775    0.6869
    1.2484    0.0916    0.6926
    1.2457    0.0787    0.7426
    1.2404    0.0824    0.7253
    1.2493    0.1060    0.6464
    1.2347    0.0892    0.7286
    1.2290    0.0866    0.7212
    1.2244    0.0990    0.7357
    1.2198    0.0989    0.7217
    1.2120    0.1244    0.7239
    1.1994    0.1664    0.7110
    1.1896    0.1837    0.6744
    1.1848    0.2096    0.7205
    1.1980    0.0976    0.6743
    1.2080    0.0776    0.6334
    1.2067    0.0773    0.6747
    1.2109    0.0784    0.6334
    1.2290    0.0831    0.6851
    1.1557    0.0676    0.7190
    1.1114    0.0531    0.6539
    1.1165    0.0467    0.6108
    1.1708   -0.0946    0.5375
    1.2376   -0.0770    0.5041
    1.2312   -0.0475    0.5350
    1.2242   -0.0507    0.5559
    2.9371   -2.5437    0.6010
    2.6829   -2.6267    0.6499
    2.7618   -2.5435    0.6722
   -1.1237   -2.6693    0.6138
    1.0384   -0.5193    0.7216
    1.1193   -0.0896    0.7343
    1.1666   -0.2514    0.7109
    1.2209   -0.2346    0.6919
    1.2348   -0.1620    0.6828
    1.3702   -0.1586    0.6190
    1.3734   -0.1006    0.6373
    1.3732   -0.0995    0.6373
    1.3732   -0.0995    0.6295
    1.3734   -0.1007    0.6449
    1.3734   -0.1008    0.6373
    1.3732   -0.0997    0.6329
    2.1373   -0.1819    0.6081
    1.3980    0.0382    0.6983
    1.2447    0.0209    0.6629
    1.1791    0.0736    0.7004
    1.3083    0.0430    0.6347
   -0.0709    0.5420    0.6847
   -0.0708    0.5829    0.6199
   -0.0516    0.6286    0.6343
    0.4266    3.5555    0.6198
   -0.2618    0.9889    0.6343
   -0.0448    0.7871    0.6070
    0.2138    3.6179    0.6089
   -0.0532    0.7781    0.7655
    0.2143    3.6178    0.6019
    0.2418    3.7222    0.6102
    0.2429    3.7219    0.6222
    0.2162    3.6172    0.6115
    1.0990    3.1223    0.6713
    1.0181    3.1134    0.6526
    1.1674    3.1772    0.6526
   -0.0437    0.8769    0.6115
    0.1190   -0.2127    0.6736
    0.1638   -0.3130    0.6003
    0.1318   -0.2231    0.6008
    0.1506   -0.3258    0.6413
    2.4485    0.0975    0.6335
    1.1683   -0.1316    0.6064
    1.0449   -0.5703    0.6051
    0.9651   -0.5586    0.6574
    0.0196   -1.2054    0.6454
    1.3159   -1.4104    0.6087
    1.2860   -0.7063    0.7207
    0.6878   -0.6156    0.6484
    1.3378   -0.7099    0.7076
   -1.4678   -1.4434    0.7698
   -1.4710   -1.1104    0.7692
   -1.5337   -1.3860    0.7515
   -1.5509   -1.4788    0.7038
   -1.4628   -1.0833    0.7531
   -1.4370   -0.8068    0.7276
   -1.5449   -1.1092    0.7150
   -1.5671   -1.1037    0.7630
   -1.5908   -1.0631    0.7579
   -1.3076   -1.5542    0.7405
   -1.4801   -0.7141    0.7669
   -1.5841   -1.0969    0.7904
   -1.3975   -1.5572    0.6959
   -1.4673   -0.7384    0.7004
   -2.7603    1.5324    0.6614
   -2.9197    1.7870    0.6364
   -2.8622    1.7710    0.6041
   -2.6104    1.7028    0.6236
    0.1288    1.4210    0.7437
    1.3127   -0.9611    0.6852
    1.3779   -1.0052    0.7767
    1.3763   -1.0172    0.7168
    1.3919   -1.0352    0.6636
    1.3778   -1.0408    0.6606
    1.3905   -1.0751    0.6409
    1.3879   -1.0735    0.7142
    1.3860   -1.0723    0.6204
    1.4075   -1.0855    0.7655
    1.4042   -1.0834    0.6419
    1.3870   -1.0729    0.6943
    1.3846   -1.0675    0.8073
    1.3822   -1.0699    0.7668
    1.3954   -1.0902    0.6964
    1.3579   -1.0933    0.6383
    1.3781   -1.1093    0.7241
    1.3558   -1.0952    0.6091
    1.3820   -1.0970    0.7025
    1.3789   -1.0896    0.7988
    1.3578   -1.0886    0.6980
    1.4177   -1.1070    0.7567
    1.3689   -1.0666    0.7162
    1.3700   -1.0594    0.6204
    1.2968   -1.1252    0.6598
    1.4642   -1.0260    0.6661
    1.4290   -0.9722    0.5599
    1.3510   -1.0425    0.6175
    1.3632   -1.0340    0.6701
    1.3455   -1.0479    0.5702
   -2.6358   -2.4545    0.6030
   -2.6960   -2.4432    0.5806
   -2.6999   -2.4331    0.6020
   -2.8101   -2.3767    0.6656
   -2.8160   -2.3635    0.7149
   -2.7827   -2.3535    0.6980
   -2.8155   -2.3644    0.8000
   -2.7976   -2.3609    0.7237
   -2.7992   -2.3583    0.7377
   -2.7661   -2.3493    0.7506
   -2.7992   -2.3582    0.6853
   -2.8161   -2.3633    0.7274
   -2.7667   -2.3483    0.7571
   -2.8161   -2.3631    0.7606
   -2.7988   -2.3588    0.7621
   -2.7998   -2.3571    0.7192
   -2.7978   -2.3604    0.7419
   -2.8156   -2.3639    0.7609
   -2.8013   -2.3546    0.7230
   -2.7868   -2.3463    0.7514
   -2.8162   -2.3629    0.7121
   -2.8167   -2.3620    0.6658
   -2.7969   -2.3618    0.7806
   -2.7663   -2.3487    0.6072
   -2.7668   -2.3478    0.7378
   -2.8028   -2.3519    0.5342
   -2.7994   -2.3576    0.6618
   -2.7829   -2.3526    0.7158
   -2.7989   -2.3584    0.7048
   -2.7829   -2.3526    0.7012
   -2.7995   -2.3573    0.7447
   -2.7995   -2.3572    0.7072
   -2.8164   -2.3623    0.7700
   -2.7831   -2.3522    0.6332
   -2.8383   -2.3598    0.7036
   -2.8540   -2.3683    0.6955
   -2.8200   -2.3890    0.6253
   -2.9469   -2.2918    0.5853
   -3.0241   -2.3880    0.6138
   -3.0357   -2.4485    0.5533
   -2.8214   -2.4450    0.6019
   -1.5790   -1.2367    0.6341
   -1.4897   -1.0957    0.6784
   -1.1364   -1.0497    0.6445
   -1.4371   -1.0751    0.6234
   -1.6628   -1.2954    0.6199
   -1.3818   -1.1563    0.6931
   -1.6475   -1.2746    0.6474
   -1.1531   -1.0756    0.6210
   -1.1070   -1.0289    0.6666
   -1.4962   -1.0586    0.6081
   -1.1132   -0.9853    0.7365
   -1.3076   -1.0393    0.6319
   -1.0328   -1.0512    0.6527
   -1.4611   -1.1397    0.7159
   -1.0504   -1.0640    0.6165
   -1.3181   -1.1188    0.6565
   -1.1117   -1.0251    0.6909
   -1.3721   -0.6349    0.6158
   -0.9066   -1.0669    0.6086
   -2.7472   -0.4268    0.6803
   -1.1113   -0.6239    0.6152
   -0.8636   -0.9276    0.6655
   -0.8048   -0.5770    0.6597
   -1.9810   -0.4137    0.6688
   -2.0494   -0.3923    0.6432
   -2.2699   -0.0434    0.6448
    0.0074   -0.8592    0.6313
    1.3030   -0.1527    0.6273
    1.4938    0.0442    0.6808
    1.2056   -0.1836    0.6255
    1.4638   -0.0423    0.6310
    1.4205   -0.0696    0.6003
    1.2225   -0.1566    0.6218
    1.4683    0.0115    0.6341
    1.6833    0.1061    0.7461
    1.4176   -0.1784    0.6899
    1.2694   -0.1853    0.6958
    1.2565   -0.0127    0.7394
    1.4695    0.2704    0.6511
    1.8822   -1.2622    0.6444
    0.4613   -0.0663    0.6932
    0.2937    0.0000    0.7121
    0.3294   -0.0470    0.6584
    0.1694   -0.0771    0.6404
    0.0442   -0.3762    0.6959
    0.3275   -0.3175    0.7711
    0.0553   -0.3451    0.6445
    0.0238   -0.3498    0.6594
   -0.0342   -0.3974    0.6627
   -0.0174   -0.7921    0.6514
   -0.0275   -0.8095    0.6610
   -0.1412   -1.1621    0.8443
   -0.1539   -1.1832    0.8039
   -0.1513   -1.1878    0.7924
   -0.1571   -1.2003    0.8000
    2.7299    1.1267    0.6005
    0.0074   -0.9059    0.7627
   -0.1955   -1.2610    0.6565
    0.4532   -1.1422    0.7395
    0.3101   -1.2608    0.7225
    0.3076   -0.9970    0.8291
    0.0471   -1.4005    0.7579
    0.3140   -1.0924    0.8984
    0.3322   -1.1318    0.8479
    0.3196   -1.1017    0.8918
    0.3178   -1.0975    0.8158
    0.4104   -1.2980    0.8195
    0.4012   -1.2970    0.7535
    0.3513   -1.1133    0.8409
    0.3848   -1.1706    0.8470
    0.4426   -1.0223    0.8113
    0.0881   -1.4471    0.7054
   -0.1164   -1.3492    0.7170
   -0.1172   -1.3533    0.8035
    0.4778   -0.9807    0.7450
    0.5356   -1.0419    0.8126
   -0.1237   -1.3610    0.8417
    0.6111   -1.0367    0.7359
   -0.1121   -1.3624    0.7122
   -0.1034   -1.3609    0.7479
   -0.0928   -1.3606    0.9085
   -0.0914   -1.3613    0.7482
   -0.0726   -1.4839    0.7737
   -0.1146   -1.3740    0.6914
   -0.6193   -1.4263    0.7257
   -0.1021   -1.3617    0.7283
   -0.1218   -1.3718    0.7243
   -0.1179   -1.3741    0.7288
   -0.1319   -1.3702    0.7270
   -0.1582   -1.3833    0.7364
   -0.1189   -1.3793    0.7213
   -0.1267   -1.3745    0.8506
   -0.1270   -1.3737    0.8559
   -0.1270   -1.3737    0.8595
   -0.1270   -1.3737    0.8637
   -0.1263   -1.3754    0.8559
   -0.1273   -1.3731    0.8214
   -0.1137   -1.3712    0.8691
   -0.0731   -1.3603    0.8404
   -0.0728   -1.3609    0.6936
   -1.6221   -2.5423    0.6310
   -1.6401   -2.5546    0.6089
   -1.6284   -2.5208    0.6583
   -1.5362   -2.5179    0.7258
   -2.7614   -2.0766    0.6982
   -2.4988   -2.3689    0.8767
   -2.8122   -1.9595    0.6929
   -2.8223   -1.9627    0.6895
   -2.9192   -1.9635    0.6309
   -2.5032   -2.3326    0.8896
   -2.5386   -2.3366    0.8956
   -2.5598   -2.3422    0.8353
   -2.5362   -2.3354    0.8341
   -2.5042   -2.3185    0.8317
   -2.4803   -2.3108    0.8156
   -2.4692   -2.3048    0.8512
   -2.4695   -2.2976    0.7937
   -2.5986   -2.2819    0.6650
   -2.5801   -2.3548    0.7209
   -1.3167   -1.9859    0.6080
   -1.0768   -1.3680    0.7298
   -1.0835   -1.3552    0.7269
   -0.4677   -0.9059    0.6701
    0.2951   -2.5594    0.5438
    0.3891   -2.5572    0.5915
    0.2875   -2.5595    0.5858
    0.3882   -2.5572    0.5780
    0.3882   -2.5572    0.5979
    0.3814   -2.5881    0.6012
    0.3875   -2.5460    0.5874
    0.3761   -2.5613    0.5712
    0.3702   -2.5647    0.5499
    0.3783   -2.5052    0.6001
    0.3645   -2.5470    0.5126
    1.0092   -1.2409    0.5365
    1.0319   -1.2671    0.7060
    0.9776   -1.2204    0.6407
    0.9616   -1.1953    0.5238
    0.2746   -1.1297    0.5022
    0.2820   -1.1151    0.5741
    0.2502   -1.1240    0.5491
    0.2805   -1.1121    0.6592
    0.2872   -1.1531    0.6760
    0.2756   -1.1443    0.5897
    0.2821   -1.1681    0.5592
    0.2799   -1.1735    0.5235
    0.3136   -1.2060    0.5762
    0.3407   -1.2467    0.5553
    0.2758   -1.1839    0.4811
    0.9384   -0.1878    0.6360
    1.0079   -0.0883    0.6649
    1.0166   -0.0549    0.5589
    0.9721   -0.0438    0.6382
    0.9728   -0.0466    0.6296
    0.9974   -0.0376    0.6212
    1.0709   -0.2234    0.5662
    1.0863   -0.0679    0.5855
   -1.3579   -0.9481    0.5484
   -1.3086   -0.9442    0.5518
   -1.6533   -1.2027    0.5051
   -1.6278   -1.1874    0.5352
   -1.6629   -1.2298    0.7714
   -1.6126   -1.2256    0.6078
   -1.3263   -0.9788    0.5450
   -1.6337   -1.2300    0.6317
   -1.3358   -0.9804    0.5854
   -1.6420   -1.2291    0.5789
   -1.6694   -1.2442    0.6329
   -1.6278   -1.2024    0.5912
   -1.6136   -1.1850    0.5672
   -1.4705   -1.0708    0.5080
   -1.4691   -1.0835    0.6064
   -1.6458   -1.1818    0.5235
   -1.5882   -1.1424    0.6351
   -1.6701   -1.1158    0.5281
   -1.5205   -1.7935    0.6822
   -1.5047   -1.7071    0.6530
   -1.1441   -1.3283    0.6470
   -1.5395   -1.6649    0.6363
   -1.5273   -1.6510    0.6531
   -1.5549   -1.6368    0.7096
   -1.1496   -1.2999    0.7490
   -1.1543   -1.3058    0.7524
   -1.1533   -1.3061    0.7290
   -1.4699   -1.1364    0.7571
   -1.7167   -1.3083    0.6965
   -1.1454   -1.2341    0.6941
   -1.7028   -1.2944    0.7023
   -1.2114   -1.2824    0.7437
   -1.2835   -1.1320    0.8170
   -1.4878   -0.2011    0.6016
   -1.4733   -0.0873    0.6115
   -1.4652   -0.0950    0.6606
   -1.4581   -0.0727    0.6781
   -1.5199   -0.0185    0.7327
   -1.4623   -0.0316    0.7520
   -1.4353   -0.0086    0.6741
   -1.4392    0.0154    0.7532
   -1.4074    0.0278    0.6843
   -1.4587   -0.3381    0.7591
   -1.0619   -0.0974    0.7138
   -0.9774   -0.1080    0.7476
   -1.3221   -0.0896    0.6970
   -1.2589    0.0068    0.7609
   -2.3066    2.8444    0.6317
    1.1756    0.0386    0.6376
    0.4496    3.0144    0.6136
    1.1841   -0.0314    0.6297
    0.4992    2.7887    0.6112
    1.1343   -0.0254    0.6082
    1.1886   -0.9646    0.6704
    1.2943   -1.0399    0.6845
    1.1964   -0.7626    0.8792
    1.2300   -0.7924    0.8298
    1.3671   -0.4018    0.7142
    1.5297   -0.1194    0.7135
    1.3180   -1.1278    0.7396
    1.3022   -1.1493    0.7473
    1.3687   -1.1333    0.7146
    1.3708   -1.1296    0.6946
    1.5419   -1.2936    0.7614
    1.2981   -1.4297    0.7359
    1.5281   -1.2886    0.7560
    1.5216   -1.3721    0.7201
    1.5170   -1.3811    0.6998
    1.5157   -1.3879    0.6593
    1.5158   -1.3920    0.6540
    1.4995   -1.3963    0.7815
    1.4861   -1.4005    0.6352
    1.4750   -1.4387    0.6916
    1.4809   -1.4333    0.6903
    1.4736   -1.4441    0.7747
    1.0708   -1.6532    0.6831
    1.1270   -1.3760    0.7248
    1.4364   -1.3067    0.6605
    1.2046   -1.4765    0.6449
    1.5549   -1.4194    0.6832
   -0.4409   -2.5201    0.6026
   -1.0417   -2.6250    0.6427
   -0.9227   -2.4059    0.6449
   -0.4920   -2.1415    0.6420
   -0.2171   -1.0649    0.6859
   -0.1997   -1.0986    0.7064
   -0.1437   -1.0797    0.7030
   -0.1431   -1.0711    0.7112
   -0.1410   -1.0775    0.6265
   -0.1411   -1.0775    0.7056
   -0.0977   -1.0694    0.6246
   -0.1413   -1.0776    0.7193
   -0.1414   -1.0776    0.7048
   -0.1414   -1.0776    0.7064
   -0.1414   -1.0776    0.7069
   -0.1415   -1.0776    0.7326
   -0.1415   -1.0776    0.6938
   -0.1416   -1.0776    0.7194
   -0.1411   -1.0776    0.7069
   -0.1417   -1.0777    0.7038
   -0.1411   -1.0776    0.7032
    0.0928   -1.9566    0.6067
   -0.0982   -1.0696    0.6042
   -0.1401   -1.0909    0.6907
   -0.2002   -1.1120    0.6430
   -0.2954   -1.0947    0.6180
   -0.0875   -1.0823    0.6445
   -0.1419   -1.1004    0.6045
   -0.2116   -1.0709    0.6920
   -0.3393   -1.1320    0.6698
   -0.1549   -1.0633    0.6083
   -0.2247   -1.0593    0.6562
   -0.4769   -1.0792    0.7876
   -0.3680   -1.0511    0.6890
   -0.4604   -1.0232    0.7472
   -0.3436   -1.1399    0.6617
    1.1603   -0.0870    0.6710
    1.0852   -0.0689    0.6252
    0.9751   -0.0927    0.6322
    1.1465   -0.1907    0.6715
   -0.0108    0.3380    0.6054
    1.0837   -0.0825    0.6141
    1.0680   -0.0768    0.6024
    1.0380   -0.0984    0.6160
    1.9850   -1.8574    0.6276
    1.0528   -0.0759    0.6085
    1.0083   -0.0553    0.6243
    1.0349   -0.0720    0.6286
    0.7741    0.0390    0.6070
    0.8975   -0.0170    0.6021
    0.6403    0.0886    0.6388
   -2.8899    1.5840    0.6634
   -2.8729    1.5856    0.7441
   -2.7957    1.5565    0.7030
   -2.8951    1.6661    0.6333
   -2.9076    1.6108    0.6777
   -2.2864    1.2424    0.6763
   -2.8535    1.6255    0.7104
   -2.6930    0.9979    0.6832
   -1.7246    1.1462    0.7327
   -2.7591    1.6191    0.6897
   -2.7756    1.6379    0.7590
   -1.6477    1.1420    0.6715
   -1.6240    1.1439    0.6523
   -1.5718    1.1466    0.6947
   -2.9007    1.4873    0.6457
   -2.8592    1.4643    0.6728
    0.1165    3.6384    0.6137
    0.0815    2.9343    0.6730
    0.1032    3.1046    0.6370
   -1.1916    0.1751    0.6398
   -1.1837    0.1285    0.5502
   -1.1393    0.1279    0.5780
   -1.1790    0.1749    0.6723
   -1.2593    0.1345    0.5193
   -0.9855    0.1690    0.5575
   -1.1748    0.1474    0.8110
   -1.1598    0.1064    0.5810
   -1.1656    0.1277    0.5524
   -1.1654    0.1566    0.7440
   -1.0074    0.1844    0.6362
   -1.0063    0.1721    0.6536
   -1.1757    0.1423    0.6677
   -1.1104    0.1729    0.5319
   -1.0298    0.1891    0.7736
   -1.1618    0.1504    0.6964
   -1.1737    0.1762    0.6196
   -1.1640    0.1679    0.8449
   -0.9836    0.1825    0.6571
   -1.2000    0.1708    0.5366
   -1.1456    0.1851    0.6839
   -1.0477    0.2003    0.6893
   -1.3058    0.1322    0.5391
   -1.1535    0.1736    0.5350
   -1.0586    0.1976    0.5519
   -1.2672    0.0735    0.5401
   -1.0540    0.1819    0.5664
   -1.1018    0.1970    0.6689
   -1.0142    0.2151    0.7905
   -1.0246    0.1960    0.6607
   -1.1787    0.1495    0.6165
   -1.0530    0.2322    0.7758
   -1.0759    0.2217    0.7220
   -1.0532    0.2176    0.7426
   -1.0289    0.1986    0.7384
   -0.9942    0.2248    0.6173
   -1.0142    0.2151    0.6196
   -1.1124    0.2196    0.6857
   -1.0609    0.2654    0.6159
   -1.1070    0.2082    0.6283
