0 4 4
0 5 5
0 4 4

0 4 4
0 4 4
0 4 4

0 5 5
0 4 4
0 5 5

0 4 4
0 5 5
0 4 4

0 4 4
0 5 5
0 5 5

0 4 4
0 5 5
0 4 4

0 4 4
0 4 4
0 5 5

0 4 4
1 3 4
0 4 4

0 4 4
0 5 5
0 4 4

0 4 4
0 5 5
0 4 4

0 4 4
0 5 5
0 4 4

0 5 5 
0 4 4
0 5 5

0 5 5
0 4 4
0 4 4

0 4 4
0 5 5
0 4 4

0 5 5
0 5 5
0 4 4

0 5 5
0 4 4
0 4 4

0 4 4
0 4 4
0 5 5

0 4 4
0 4 4
0 4 4

0 4 4
1 3 4
1 3 4

0 5 5
0 5 5
0 5 5

0 4 4
0 4 4
0 4 4

0 5 5
0 5 5
0 4 4

2 3 4
0 4 4
1 4 5

0 5 5
1 4 5
0 4 4

0 5 5
0 4 4
0 5 5

0 4 4
1 4 4
0 4 4

0 4 4
0 4 4
2 2 4

0 4 4
0 5 5
0 4 4

0 4 4
0 5 5
1 4 5

0 4 4
0 5 5
1 4 5

0 4 4
0 5 5
0 4 4

1 4 5
0 5 5
0 5 5

1 2 4 
0 5 5
1 3 4

0 5 5
