1 5 6 1
1 8 9 1
2 2 2 -2

5 10 10 0
5 6 6 0
5 7 7 1

5 9 9 1
4 7 7 1
5 9 9 0

5 10 10 1
4 8 9 0
5 10 10 0

4 4 4 1
3 4 5 -1
5 6 6 0

5 5 5 0
5 6 6 1
5 14 14 0

5 6 6 0
5 7 7 0
5 3 3 0

5 8 8 0
4 5 5 1
5 11 11 0

4 7 8 -1
5 3 3 0
5 5 5 0

4 6 6 -1
5 11 11 0
3 3 3 -2

5 7 7 0
5 6 6 0
5 6 6 0

4 6 6 -1
5 11 11 1
4 9 9 0

5 7 7 -1
5 9 9 0
5 5 5 0

3 3 3 -2
4 6 6 -1
4 8 8 -1

5 12 12 0
4 5 5 0
4 4 4 -1

5 8 8 0
4 5 5 -1
5 12 12 0

5 10 10 0
5 5 5 0
5 2 2 0

5 7 7 0
5 9 9 0
5 5 5 0

5 7 7 0
4 6 6 0
4 4 4 -1

3 7 7 -2
5 11 11 0
5 7 7 0

5 7 7 0
3 3 3 -2
5 7 7 1

5 3 3 0
5 7 7 0
3 7 9 -1

5 6 6 0
5 4 4 0
5 8 8 0

4 8 8 -1
1 1 1 -2
4 4 4 -1

5 6 6 0
5 5 5 0
4 4 4 -1

4 4 4 -1
5 7 7 0
5 3 3 0

4 7 7 -1
4 6 6 -1
4 4 4 -1

5 5 5 0
5 11 11 0
5 7 7 0

5 7 7 0
4 7 7 0
4 8 8 0

4 5 6 1
4 2 2 -1
1 3 3 -2

5 9 9 0
5 4 4 0
5 10 10 0

5 14 14 0
5 10 10 -1
5 9 9 0

5 9 9 0
5 9 9 0
5 10 10 0

5 10 10 0
