4 6 6 1
3 2 3 0
3 2 3 0

3 8 10 0
4 4 5 0
3 2 4 0

3 7 11 1
3 2 4 0
4 9 10 1

5 4 4 0
4 8 8 0
4 6 10 1

3 2 2 -2
4 3 4 1
3 2 3 -2

3 5 7 1
5 7 7 2
3 7 7 1

4 4 5 1
4 6 7 -1
5 4 4 0

3 7 9 2
4 4 4 0
4 8 9 -1

5 7 7 0
4 3 4 0
3 2 3 0

1 1 2 -2
4 11 13 0
2 1 3 0

4 4 5 -1
3 4 6 -1
1 1 2 -2

3 3 4 -2
4 9 10 0
4 9 10 1

4 4 5 0
4 6 7 -1
3 2 3 -1

4 3 3 -1
4 5 6 0
4 9 10 0

4 4 5 0
4 5 6 0
4 3 4 0

3 7 11 1
3 4 7 0
3 6 8 0

3 7 10 -1
4 4 5 0
3 2 2 0

5 4 4 1
5 7 7 0
4 7 7 -1

3 6 9 0
4 6 6 1
4 4 4 -2

3 6 8 -1
4 5 5 -1
4 4 6 -1

4 4 5 1
4 3 4 0
4 4 5 0

3 1 2 -1
3 4 5 0
4 9 10 0

5 5 5 0
4 5 5 -1
4 8 9 0

3 3 4 -2
5 4 4 0
5 9 9 -1

5 7 7 0
5 4 4 0
4 5 5 -1

3 1 2 -2
5 10 10 0
5 4 4 0

5 8 8 0
3 3 3 -2
5 6 6 0

4 3 4 0
5 7 7 0
5 5 5 0

5 8 8 0
5 7 7 0
5 11 12 0

4 4 5 0
5 4 4 0
3 6 6 -1

5 12 14 0
3 1 2 -2
3 3 4 -2

4 7 9 -2
5 8 9 0
5 8 9 1

5 5 6 0
3 6 6 -2
5 7 8 0

5 8 8 0


